0 1
2 3
4 5
6 7
8 9
10 11
12 13
14 15
16 17
18 19

0 2
4 1
6 3
8 5
10 7
12 9
14 11
16 13
18 15
19 17

0 4
6 2
8 1
10 3
12 5
14 7
16 9
18 11
19 13
17 15

0 6
8 4
10 2
12 1
14 3
16 5
18 7
19 9
17 11
15 13

0 8
10 6
12 4
14 2
16 1
18 3
19 5
17 7
15 9
13 11

0 10
12 8
14 6
16 4
18 2
19 1
17 3
15 5
13 7
11 9

0 12
14 10
16 8
18 6
19 4
17 2
15 1
13 3
11 5
9 7

0 14
16 12
18 10
19 8
17 6
15 4
13 2
11 1
9 3
7 5

0 16
18 14
19 12
17 10
15 8
13 6
11 4
9 2
7 1
5 3

0 18
19 16
17 14
15 12
13 10
11 8
9 6
7 4
5 2
3 1

0 19
17 18
15 16
13 14
11 12
9 10
7 8
5 6
3 4
1 2

0 17
15 19
13 18
11 16
9 14
7 12
5 10
3 8
1 6
2 4

0 15
13 17
11 19
9 18
7 16
5 14
3 12
1 10
2 8
4 6

0 13
11 15
9 17
7 19
5 18
3 16
1 14
2 12
4 10
6 8

0 11
9 13
7 15
5 17
3 19
1 18
2 16
4 14
6 12
8 10

0 9
7 11
5 13
3 15
1 17
2 19
4 18
6 16
8 14
10 12

0 7
5 9
3 11
1 13
2 15
4 17
6 19
8 18
10 16
12 14

0 5
3 7
1 9
2 11
4 13
6 15
8 17
10 19
12 18
14 16

0 3
1 5
2 7
4 9
6 11
8 13
10 15
12 17
14 19
16 18
