0 1 1
2 3 3
4 5 4
6 7 7
8 9 8
0 2 0
4 1 4
6 3 3
8 5 8
9 7 7
0 4 4
6 2 6
8 1 8
9 3 3
7 5 7
0 6 0
8 4 4
9 2 9
7 1 7
5 3 3
0 8 0
9 6 -1
7 4 4
5 2 5
3 1 3
0 9 0
7 8 7
5 6 6
3 4 4
1 2 1
0 7 -1
5 9 9
3 8 3
1 6 6
2 4 4
0 5 0
3 7 7
1 9 9
2 8 8
4 6 4
0 3 0
1 5 1
2 7 7
4 9 4
6 8 6
0 1 -1
2 3 3
4 5 4
6 7 7
8 9 8
0 2 0
4 1 4
6 3 3
8 5 8
9 7 7
0 4 4
6 2 6
8 1 8
9 3 3
7 5 7
0 6 0
8 4 4
9 2 9
7 1 7
5 3 3
0 8 0
9 6 -1
7 4 4
5 2 5
3 1 3
0 9 0
7 8 7
5 6 6
3 4 4
1 2 1
0 7 -1
5 9 9
3 8 3
1 6 6
2 4 4
0 5 0
3 7 7
1 9 9
2 8 8
4 6 4
0 3 0
1 5 1
2 7 7
4 9 4
6 8 6
